1250
2501
3752
5003
6254
7505
8756
10007
11258
12509
13760
15011
16262
17513
18764
20015
21266
22517
23768
25019
26270
27521
28772
30023
31274
32525
33776
35027
36278
37529
38780
40031
41282
42533
43784
45035
46286
47537
48788
50039
51290
52541
53792
55043
56294
57545
58796
60047
61298
62549
63800
65051
66302
67553
68804
70055
71306
72557
73808
75059
76310
77561
78812
80063
81314
82565
83816
85067
86318
87569
88820
90071
91322
92573
93824
95075
96326
97577
98828
100079
101330
102581
103832
105083
106334
107585
108836
110087
111338
112589
113840
115091
116342
117593
118844
120095
121346
122597
123848
125099
126350
127601
128852
130103
131354
132605
133856
135107
136358
137609
138860
140111
141362
142613
143864
145115
146366
147617
148868
150119
151370
152621
153872
155123
156374
157625
158876
160127
161378
162629
163880
165131
166382
167633
168884
170135
171386
172637
173888
175139
176390
177641
178892
180143
181394
182645
183896
185147
186398
187649
188900
190151
191402
192653
193904
195155
196406
197657
198908
200159
201410
202661
203912
205163
206414
207665
208916
210167
211418
212669
213920
215171
216422
217673
218924
220175
221426
222677
223928
225179
226430
227681
228932
230183
231434
232685
233936
235187
236438
237689
238940
240191
241442
242693
243944
245195
246446
247697
248948
250199
251450
252701
253952
255203
256454
257705
258956
260207
261458
262709
263960
265211
266462
267713
268964
270215
271466
272717
273968
275219
276470
277721
278972
280223
281474
282725
283976
285227
286478
287729
288980
290231
291482
292733
293984
295235
296486
297737
298988
300239
301490
302741
303992
305243
306494
307745
308996
310247
311498
312749
314000
315251
316502
317753
319004
320255
321506
322757
324008
325259
326510
327761
329012
330263
331514
332765
334016
335267
336518
337769
339020
340271
341522
342773
344024
345275
346526
347777
349028
350279
351530
352781
354032
355283
356534
357785
359036
360287
361538
362789
364040
365291
366542
367793
369044
370295
371546
372797
374048
375299
376550
377801
379052
380303
381554
382805
384056
385307
386558
387809
389060
390311
391562
392813
394064
395315
396566
397817
399068
400319
401570
402821
404072
405323
406574
407825
409076
410327
411578
412829
414080
415331
416582
417833
419084
420335
421586
422837
424088
425339
426590
427841
429092
430343
431594
432845
434096
435347
436598
437849
439100
440351
441602
442853
444104
445355
446606
447857
449108
450359
